from plateinteract import Plate

a = 10; s = 0.003; h = 0.1;

l_1 =  [[0, 0, 0, 0, 0, 0, 0],
        [0,	0.46, 1.28,	1.80, 1.28,	0.46, 0],
        [0,	1.28,	2.72,	3.59,	2.72,	1.28,	0],
        [0,	1.80,	3.59,	4.53,	3.59,	1.80,	0],
        [0,	1.28,	2.72,	3.59,	2.72,	1.28,	0],
        [0,	0.46,	1.28,	1.80,	1.28,	0.46,	0],
        [0,	0,	0,	0,	0,	0,	0]]
l0 =   [[0,	0,	0,	0,	0,	0,	0],
        [0,	0.68,	1.51,	1.95,	1.51,	0.68,	0],
        [0,	1.51,	3.05,	3.72,	3.05,	1.51,	0],
        [0,	1.95,	3.72,	4.74,	3.72,	1.95,	0],
        [0,	1.51,	3.05,	3.72,	3.05,	1.51,	0],
        [0,	0.68,	1.51,	1.95,	1.51,	0.68,	0],
        [0,	0,	0,	0,	0,	0,	0]]
l1 =   [[0, 0,	0,	0,	0,	0,	0],
        [0,	0.68,	1.51,	1.95,	1.51,	0.68,	0],
        [0,	1.51,	3.05,	3.72,	3.05,	1.51,	0],
        [0,	1.95,	3.72,	4.74,	3.72,	1.95,	0],
        [0,	1.51,	3.05,	3.72,	3.05,	1.51,	0],
        [0,	0.68,	1.51,	1.95,	1.51,	0.68,	0],
        [0,	0,	0,	0,	0,	0,	0]]

# Побробуй на этих данных
# l_1 = [[0,   0,   0,   0,   0,   0, 0],
#            [0, 0.5, 1.5, 2.0, 1.5, 0.5, 0],
#            [0, 1.5, 3.0, 4.0, 3.0, 1.5, 0],
#            [0, 2.0, 4.0, 5.0, 4.0, 2.0, 0],
#            [0, 1.5, 3.0, 4.0, 3.0, 1.5, 0],
#            [0, 0.5, 1.5, 2.0, 1.5, 0.5, 0],
#            [0,   0,   0,   0,   0,   0, 0]]
#
# l0 =  [[0,   0,   0,   0,   0,   0, 0],
#            [0, 0.5, 1.5, 2.0, 1.5, 0.5, 0],
#            [0, 1.5, 3.0, 4.0, 3.0, 1.5, 0],
#            [0, 2.0, 4.0, 5.0, 4.0, 2.0, 0],
#            [0, 1.5, 3.0, 4.0, 3.0, 1.5, 0],
#            [0, 0.5, 1.5, 2.0, 1.5, 0.5, 0],
#            [0,   0,   0,   0,   0,   0, 0]]
#
# l1 =  [[0, 0, 0, 0, 0, 0, 0],
#            [0, 0, 0, 0, 0, 0, 0],
#            [0, 0, 0, 0, 0, 0, 0],
#            [0, 0, 0, 0, 0, 0, 0],
#            [0, 0, 0, 0, 0, 0, 0],
#            [0, 0, 0, 0, 0, 0, 0],
#            [0, 0, 0, 0, 0, 0, 0]]

Plate = Plate()
Plate.deflection(l_1, l0, l1, a, s, h, times=20)
Plate.show_result()
